Model: "sequential_2"
_________________________________________________________________
 Layer (type)                Output Shape              Param #   
=================================================================
 conv2d_10 (Conv2D)          (None, 55, 55, 96)        34944     
                                                                 
 max_pooling2d_6 (MaxPoolin  (None, 27, 27, 96)        0         
 g2D)                                                            
                                                                 
 conv2d_11 (Conv2D)          (None, 27, 27, 256)       614656    
                                                                 
 max_pooling2d_7 (MaxPoolin  (None, 13, 13, 256)       0         
 g2D)                                                            
                                                                 
 conv2d_12 (Conv2D)          (None, 13, 13, 384)       885120    
                                                                 
 conv2d_13 (Conv2D)          (None, 13, 13, 384)       1327488   
                                                                 
 conv2d_14 (Conv2D)          (None, 13, 13, 256)       884992    
                                                                 
 max_pooling2d_8 (MaxPoolin  (None, 6, 6, 256)         0         
 g2D)                                                            
                                                                 
 flatten_2 (Flatten)         (None, 9216)              0         
                                                                 
 dense_6 (Dense)             (None, 4096)              37752832  
                                                                 
 dropout_4 (Dropout)         (None, 4096)              0         
                                                                 
 dense_7 (Dense)             (None, 4096)              16781312  
                                                                 
 dropout_5 (Dropout)         (None, 4096)              0         
                                                                 
 dense_8 (Dense)             (None, 1)                 4097      
                                                                 
=================================================================
Total params: 58285441 (222.34 MB)
Trainable params: 58285441 (222.34 MB)
Non-trainable params: 0 (0.00 Byte)
_________________________________________________________________

Layer: conv2d_10
  Weight 0: (11, 11, 3, 96)
[[[[ 3.14955064e-03  1.30518293e-02 -6.16493868e-03 ...  2.09711143e-03
    -1.78421941e-02  1.75478887e-02]
   [ 1.54411169e-02  7.18655391e-03 -1.44371679e-02 ...  1.24556255e-02
     1.45663870e-02  2.80713569e-03]
   [-9.90498438e-03 -3.06593673e-03 -1.37602426e-02 ... -9.57992673e-03
    -1.64294709e-03  1.91108286e-02]]

  [[-2.01667324e-02  8.15960299e-03 -1.90270022e-02 ... -8.47597234e-03
    -1.62472520e-02  1.12022189e-02]
   [-8.65646824e-03 -4.39396920e-03 -1.94494370e-02 ... -1.21210916e-02
     7.53410952e-03 -2.01968346e-02]
   [-7.68852793e-03 -8.71168170e-03 -2.33881120e-02 ...  1.06677329e-02
    -1.69091336e-02 -6.05692016e-03]]

  [[ 4.38939920e-03  6.51987409e-03  4.80010593e-03 ...  7.37893442e-03
     1.88804418e-02  2.81159207e-03]
   [ 1.42210722e-02  2.03212816e-03  1.14154350e-02 ...  1.35180159e-02
    -2.35336237e-02 -1.21976214e-03]
   [ 1.16869900e-02 -2.39788312e-02 -2.07295734e-02 ...  1.88836195e-02
     1.09549956e-02  6.88664382e-03]]

  ...

  [[-7.78527232e-03  1.14565669e-02  8.61961488e-03 ... -1.58356875e-02
     1.48861820e-03  6.67420868e-03]
   [ 1.09462906e-02 -1.18485391e-02 -9.66379791e-03 ...  3.02509149e-03
    -1.56203192e-02  2.26057414e-03]
   [-2.07244176e-02  5.69793396e-03  1.70859005e-02 ...  5.53073362e-03
    -1.71057172e-02  7.69612659e-03]]

  [[ 2.01709401e-02  1.26905842e-02  3.90496571e-03 ...  9.67424642e-03
     1.11606829e-02 -1.31717455e-02]
   [-1.22279134e-02  5.92711242e-03 -4.00276762e-03 ...  8.49217456e-03
     2.40135635e-03  9.06615797e-03]
   [-1.57992579e-02 -1.23109063e-02 -1.21682053e-02 ... -1.32974787e-02
     1.83841549e-02  1.62748108e-03]]

  [[ 2.17538606e-02  1.25067420e-02 -2.17114780e-02 ...  8.35213717e-03
     1.00765238e-02 -1.55955851e-02]
   [ 2.18218863e-02  3.26008536e-03  3.70491645e-03 ...  7.64340535e-03
     1.34388888e-02 -1.91957690e-02]
   [-1.35830436e-02  1.15343668e-02 -1.23522701e-02 ... -2.08545234e-02
    -5.79595100e-03  1.93383396e-02]]]


 [[[ 2.77014822e-03 -1.58415418e-02  3.95781687e-03 ...  2.22047064e-02
    -6.27286779e-03  1.21866595e-02]
   [-1.58013385e-02  3.36727989e-03 -1.55662335e-02 ... -9.22117196e-03
     1.02835866e-02  1.37527252e-03]
   [ 9.00927745e-03  8.16389918e-03  2.86897412e-03 ... -2.00272836e-02
     5.20416908e-03  5.20764198e-03]]

  [[-1.01533514e-02 -1.55545054e-02  1.98894180e-03 ... -1.46035636e-02
     2.01135520e-02 -1.34265190e-02]
   [-5.17793605e-03  7.25482311e-03 -1.04187261e-02 ...  2.10092664e-02
    -8.71731620e-03 -1.61357764e-02]
   [ 1.18775060e-02  9.09061357e-03 -1.55329872e-02 ... -1.46476459e-02
     1.89955682e-02 -5.91922365e-03]]

  [[ 4.18608615e-05  4.67831409e-03  1.72056239e-02 ... -2.28264229e-03
     6.29891502e-03 -3.48962168e-03]
   [-4.39966796e-03 -2.26106253e-02 -7.08199153e-03 ...  2.10189801e-02
     4.77788551e-03  2.07059644e-02]
   [-1.50112035e-02  3.67407221e-03  1.67203322e-02 ...  2.72507605e-04
     1.22767882e-02 -9.35353432e-03]]

  ...

  [[-8.50817002e-03 -2.11286843e-02  1.54362284e-02 ...  7.66081363e-03
    -1.02009182e-03  1.84935294e-02]
   [ 1.37806439e-03 -6.31096819e-03  2.10012961e-02 ... -1.80589817e-02
     1.26451785e-02 -8.38060211e-03]
   [-1.49368560e-02 -1.67551963e-03  1.15864153e-03 ... -3.75392335e-03
     2.66312435e-03  2.28031743e-02]]

  [[ 4.38033231e-03  1.69945844e-02 -2.03721877e-02 ... -2.58256099e-03
     1.01787923e-02  7.07798346e-04]
   [ 1.87095888e-02 -5.67466579e-03 -2.04751175e-02 ... -1.86045635e-02
     1.77829880e-02 -5.13842888e-03]
   [-1.75266098e-02 -1.71350222e-02 -2.06915867e-02 ... -1.00789042e-02
    -6.87267492e-03 -8.22423212e-03]]

  [[ 1.29881790e-02 -1.53341945e-02  1.12791220e-02 ... -2.60769785e-03
     9.86359431e-04  1.28263803e-02]
   [-9.79010202e-03  1.72941666e-02  5.29156113e-03 ... -2.29735803e-02
     6.12223893e-03  4.48011281e-03]
   [ 4.09383047e-03  2.92819319e-03  1.04643768e-02 ...  1.88306943e-02
    -1.88236386e-02  3.61978356e-03]]]


 [[[-6.02387777e-03 -9.78399441e-03  1.74431149e-02 ... -2.14612833e-03
     1.63792132e-03  3.09586083e-03]
   [ 4.62225638e-03 -2.15024166e-02 -1.36090470e-02 ...  1.06576122e-02
     5.86062064e-03 -3.28644598e-03]
   [-1.19404681e-02 -1.06950495e-02 -2.25657020e-02 ...  2.10420210e-02
    -9.54504404e-03  1.37024103e-02]]

  [[ 7.86949508e-03  2.00006999e-02  2.13435851e-02 ...  1.86362583e-02
    -4.45958322e-05 -1.10601746e-02]
   [-5.70830656e-03  1.16500799e-02 -3.99256730e-03 ...  1.14758713e-02
     1.59383137e-02 -1.33307306e-02]
   [ 7.44374294e-04  1.24444589e-02 -1.42245588e-03 ... -1.29066743e-02
     1.90544948e-02  2.24966258e-02]]

  [[-1.36744995e-02 -1.64659806e-02  1.07115135e-02 ... -1.92896072e-02
    -1.40391327e-02 -1.28860921e-02]
   [-1.46306427e-02  1.25410939e-02 -1.75405387e-02 ...  5.83424093e-03
     9.68741905e-03  8.30577407e-03]
   [ 1.51678035e-03  5.34114102e-03  1.66150462e-02 ... -1.64854862e-02
     9.89750959e-03  1.10128270e-02]]

  ...

  [[ 1.94376204e-02  1.63076017e-02  6.43014628e-03 ...  1.32791919e-03
     1.85668748e-02 -7.51578901e-03]
   [ 1.95537717e-03 -1.77097318e-04  1.34012727e-02 ... -2.29417030e-02
    -2.25639716e-02  9.08445008e-03]
   [-1.06152436e-02 -1.30296615e-03 -1.97139662e-02 ... -8.82634986e-03
    -2.04022359e-02 -1.06073786e-02]]

  [[ 5.63560054e-03  1.95871685e-02 -1.58830453e-02 ...  4.90460126e-03
     5.59973950e-03 -2.09940318e-02]
   [ 2.14843228e-02 -1.64776258e-02  1.62215084e-02 ... -5.21385763e-03
     1.02631226e-02  2.40043122e-02]
   [ 2.27947603e-03  1.01872366e-02  1.28609696e-02 ... -2.13875994e-03
    -2.26230212e-02 -6.31013000e-03]]

  [[-2.01860815e-02 -1.44288968e-02 -1.52603416e-02 ...  1.98190212e-02
     1.64147932e-02  8.87286756e-03]
   [ 1.04767391e-02  7.81196682e-03  1.97623298e-02 ... -2.34404411e-02
     1.65876746e-02 -1.33864619e-02]
   [-1.96245834e-02 -1.17351850e-02 -1.97051112e-02 ... -1.01662576e-02
     1.52958836e-02 -1.02629308e-02]]]


 ...


 [[[ 2.19316985e-02  2.00218167e-02 -9.95126180e-03 ...  1.10705988e-03
     1.09326700e-02 -6.61433628e-03]
   [-5.23026334e-03  8.70635640e-03 -1.18342219e-02 ...  9.32786241e-03
     2.17965823e-02 -2.43077520e-02]
   [ 1.68053433e-02  1.54661546e-02  1.42585877e-02 ...  8.95936415e-03
     2.36239228e-02 -7.74798173e-05]]

  [[-1.25688696e-02 -6.98281312e-03  4.09307983e-03 ... -2.63393181e-03
     1.40398247e-02  6.75374176e-03]
   [ 1.87403020e-02  2.03327220e-02 -1.62980165e-02 ... -4.16004611e-03
    -1.23325754e-02 -2.04074252e-02]
   [-1.27367821e-04  2.00516637e-02  7.80624454e-04 ...  2.29299385e-02
     1.83873810e-02 -8.19619279e-03]]

  [[ 1.14757521e-02 -2.02409513e-02 -1.18652042e-02 ...  2.24215239e-02
     4.13845200e-03  1.35002648e-02]
   [ 1.23756481e-05 -1.52253816e-02 -5.00575360e-03 ...  5.02659380e-03
     1.10454755e-02 -1.90160722e-02]
   [-1.78279802e-02  8.04028846e-03 -1.05618592e-02 ... -1.72163034e-03
     1.63502824e-02  3.80267133e-03]]

  ...

  [[-7.44435412e-04 -3.59112164e-05  1.76919252e-02 ...  7.68314954e-03
    -1.08830472e-02 -1.66605562e-02]
   [-2.04571970e-02  4.25630901e-03  7.79217994e-03 ...  1.51380347e-02
     1.88967038e-04 -1.40056247e-02]
   [-2.12823274e-03 -8.89647193e-03 -2.08411831e-02 ... -6.41527539e-03
    -2.33724453e-02 -2.14012209e-02]]

  [[-2.09802538e-02  1.59316193e-02  5.76893240e-03 ...  2.86341761e-03
    -1.55864814e-02  1.53245321e-02]
   [-8.32885224e-03  1.48806218e-02 -3.18802282e-04 ... -2.03686059e-02
    -1.40286051e-04  5.41561237e-03]
   [-1.13664819e-02  2.58675613e-03  1.38099026e-02 ... -7.29490351e-03
    -8.72535445e-03  5.91955101e-03]]

  [[ 1.11776413e-02  1.92378853e-02 -8.24279618e-03 ... -1.62361562e-02
    -5.76447416e-03 -2.12905388e-02]
   [-1.66489054e-02  1.52420318e-02 -4.42613428e-03 ... -1.53248440e-02
     1.33540365e-03 -1.32049555e-02]
   [-1.46551253e-02 -8.00702907e-03 -1.00397673e-02 ... -9.36130527e-03
    -1.80965941e-02 -1.20650930e-02]]]


 [[[ 1.52428765e-02 -6.99950848e-03  1.82012580e-02 ...  6.65357150e-03
    -1.08167399e-02 -7.44265737e-03]
   [ 1.43833859e-02  4.07323334e-03 -1.46870576e-02 ...  1.77112035e-02
    -5.11051994e-03  1.36349851e-03]
   [ 3.24884127e-03  1.01965806e-02 -5.51133882e-03 ...  1.10939043e-02
    -1.63565460e-03  7.40587525e-03]]

  [[ 4.24979907e-03  2.39722955e-04 -7.01174326e-03 ... -6.17232220e-03
    -2.02925038e-02  4.33657551e-03]
   [-1.36057995e-02 -2.07650308e-02  1.34752283e-03 ... -4.53294226e-04
     2.37734499e-03  2.85021542e-03]
   [-1.81305893e-02  1.57854445e-02 -2.33264212e-02 ... -2.29997467e-03
    -5.00814570e-03  5.34009654e-03]]

  [[-1.30325472e-02  8.50262586e-03 -4.37941868e-03 ...  1.59575678e-02
    -7.17181200e-03 -3.19248298e-04]
   [ 6.87386468e-03  1.08604273e-03 -5.04717929e-03 ...  5.90461679e-03
    -1.10093700e-02  1.80864856e-02]
   [-2.07198020e-02 -8.47148988e-03 -7.72584230e-04 ...  1.38014359e-02
     2.07120031e-02  1.18024200e-02]]

  ...

  [[-1.43986603e-04 -1.51825454e-02 -7.52172386e-03 ...  1.14340801e-03
     1.65781621e-02 -2.20038928e-02]
   [ 1.07861441e-02 -1.22150192e-02 -2.26827767e-02 ... -1.24022057e-02
    -1.50798829e-02  5.37098711e-03]
   [ 4.59463103e-04 -1.40706997e-03  1.30034611e-02 ... -5.85019030e-03
     8.99281818e-03 -1.06065432e-02]]

  [[ 3.94752668e-03 -1.34504344e-02  1.96101014e-02 ... -4.35022078e-03
     9.04121343e-03 -1.70174763e-02]
   [-3.53208533e-03 -6.53401110e-03  2.01886687e-02 ... -1.46026732e-02
    -5.68429334e-03  1.97402239e-02]
   [-8.36794358e-03 -2.34723231e-03 -2.31797621e-02 ...  4.98237694e-03
    -8.16413574e-03  1.48239150e-03]]

  [[-6.32059900e-03  9.06503759e-03 -1.95126142e-02 ...  5.13576483e-03
    -1.55707886e-02 -2.14431435e-02]
   [-3.84405279e-03  1.69815216e-02  1.52678369e-02 ...  1.64067838e-02
    -7.80085288e-03  1.35862231e-02]
   [-1.59359630e-02 -1.68761704e-02 -1.26424171e-02 ... -1.28572080e-02
     1.40074426e-02  9.86610632e-03]]]


 [[[-1.73685011e-02  1.88049804e-02  2.56444374e-03 ...  2.38619410e-02
     3.95069970e-03  8.54650885e-03]
   [-2.82801013e-03 -2.10898984e-02  1.63491182e-02 ...  1.43254017e-02
     1.83588499e-03 -1.96878649e-02]
   [ 3.45511455e-03 -4.87232022e-03  1.80294532e-02 ...  8.47927202e-03
    -6.80467719e-03  4.19605116e-04]]

  [[ 1.08073745e-02  6.97091396e-04  7.57456117e-04 ... -1.28038414e-02
     1.84016898e-02  1.81992296e-02]
   [-1.07243070e-02 -8.21371377e-03  5.43092261e-04 ... -6.12009130e-03
     1.37927374e-02 -1.14682289e-02]
   [-4.53428738e-03 -2.29416788e-02 -1.92638114e-02 ...  3.95090040e-03
     3.61709553e-03 -2.20062044e-02]]

  [[-6.11861423e-03 -1.38512664e-02 -2.27347296e-02 ... -1.72337927e-02
     1.21249100e-02  1.23891616e-02]
   [-9.30460449e-03 -1.53134447e-02  3.15182540e-03 ...  1.58572588e-02
     1.61785763e-02 -3.77575075e-03]
   [-2.42848345e-03 -2.05299146e-02  2.89064553e-03 ... -2.06567626e-03
     2.50950293e-03  9.54776630e-03]]

  ...

  [[-2.22483389e-02 -1.35971149e-02 -7.94655085e-03 ... -1.82054397e-02
     8.83166306e-03 -3.98530625e-03]
   [ 3.08600767e-03 -5.92964282e-03 -3.59348953e-03 ...  8.66764877e-03
    -1.21323706e-03  1.69179253e-02]
   [-8.87761451e-03 -3.13947070e-03 -8.09321925e-03 ...  3.23889311e-04
    -1.08328229e-02 -1.56105161e-02]]

  [[-2.12679617e-02 -1.45585723e-02  1.45045612e-02 ... -1.80409811e-02
    -5.33195492e-03 -4.48533287e-03]
   [ 1.16426693e-02 -5.47901215e-03  1.39222033e-02 ... -1.04376236e-02
    -8.34384281e-03 -1.38681056e-02]
   [ 3.85209033e-03 -2.21471712e-02 -2.14270293e-03 ...  1.18982503e-02
    -1.89118292e-02 -6.25451794e-03]]

  [[ 1.09507060e-02  1.56929921e-02  1.08980518e-02 ...  9.08034015e-03
    -2.16582417e-02  1.95245575e-02]
   [ 3.32861859e-03 -7.30119413e-03 -4.40609269e-03 ...  7.98484031e-03
     1.40765514e-02 -1.48684904e-02]
   [ 1.30197573e-02 -1.48333423e-02 -5.81351202e-03 ... -2.22430546e-02
    -1.62319727e-02 -1.93218123e-02]]]]
  Weight 1: (96,)
[-6.63822924e-04 -2.19895403e-04 -3.85932880e-03 -2.00521271e-03
  1.09506270e-03 -3.17708240e-03  1.68152817e-03  1.51928468e-03
  5.37911372e-04 -1.44320700e-04  1.97649212e-03 -1.12724782e-03
 -1.54269277e-03 -1.96891394e-03 -1.59876933e-03 -5.40032925e-04
 -1.90843781e-03 -1.86489499e-03 -1.92629243e-03  1.57390209e-03
 -1.50762137e-03 -6.25077111e-04 -1.95734086e-03 -8.91609991e-04
  1.21442007e-03 -2.03230791e-03  1.38719543e-03  2.63961294e-04
 -1.64222380e-03 -2.81202095e-03  1.33051688e-03 -5.63595968e-04
  1.10135321e-03  6.19825849e-04 -1.45974662e-03  3.39473103e-04
 -9.53658600e-04 -1.52635461e-04  8.94396915e-04 -2.84535787e-03
  4.19638614e-04 -1.04559155e-03  6.57606346e-04  1.36407732e-03
  1.38673000e-03  1.13300644e-04  6.24786539e-04 -1.99617492e-03
 -1.48946932e-03 -1.33094634e-03 -8.68525065e-04  1.99759169e-03
 -3.58824432e-03  9.23324842e-04 -1.25425216e-03 -1.32959790e-03
 -2.62769265e-03  6.54331350e-04  8.90470255e-05 -1.02076249e-03
 -1.39150023e-03 -6.11250172e-04 -2.31120503e-03  2.29728688e-03
  3.23816843e-04  1.94929700e-04  1.76760030e-03 -3.63000472e-05
 -1.06551917e-03 -2.03796444e-05 -3.07102397e-04  1.84273883e-03
  1.05572064e-04 -1.56687526e-03 -5.78010338e-04 -2.28242832e-03
 -4.03692393e-05 -4.51393658e-04  1.79922208e-03  2.13852021e-04
  1.70787517e-03 -5.38563996e-04  2.94097862e-03 -1.71502505e-03
  1.25488162e-03 -1.34602806e-03 -2.17538502e-04 -1.72921270e-03
  1.21986214e-03  9.03236796e-04 -1.96992676e-03  5.26920194e-04
 -4.81340016e-04  1.70935539e-03 -1.39715470e-04  1.09884480e-03]

Layer: max_pooling2d_6

Layer: conv2d_11
  Weight 0: (5, 5, 96, 256)
[[[[-7.36133428e-03 -2.11242530e-02 -1.95716564e-02 ...  2.73565985e-02
     4.17587208e-03 -2.51621082e-02]
   [ 1.62905324e-02  1.96546633e-02  5.49123995e-03 ... -1.77141875e-02
    -5.67466533e-03 -7.07886647e-03]
   [ 2.71053286e-04 -1.98793728e-02 -2.02267449e-02 ...  7.26190628e-03
    -7.11168069e-03 -3.09188804e-03]
   ...
   [ 1.23968050e-02 -8.76751728e-03  2.68202573e-02 ...  3.85462469e-03
    -2.32090130e-02  2.16824282e-02]
   [-1.33149549e-02  2.20312104e-02  2.17359476e-02 ... -1.18034147e-02
    -2.13374179e-02  3.26370844e-03]
   [ 1.80627815e-02  1.02886073e-02  8.69140122e-03 ... -2.70603728e-02
    -5.71572222e-03  2.49151997e-02]]

  [[ 1.21469907e-02  5.55254403e-04  1.87558588e-02 ...  4.72007273e-03
     1.34066530e-02  1.23121543e-02]
   [ 6.13532122e-03  8.96927249e-03 -1.04225036e-02 ... -6.93834433e-03
     9.26545262e-03 -4.99245664e-03]
   [ 3.96525208e-03 -5.21106832e-03  2.42571253e-02 ... -7.95187149e-03
    -1.73847843e-02  1.66304670e-02]
   ...
   [-2.56864112e-02 -2.40916219e-02  6.75138505e-03 ... -1.35566145e-02
    -6.65504020e-03  1.80128999e-02]
   [ 6.98356424e-03  1.11864542e-03  1.16870096e-02 ...  5.19193243e-03
     5.59504423e-03  2.12788824e-02]
   [-2.88718138e-02 -2.41998062e-02  9.44165140e-03 ...  2.20969897e-02
     1.98646784e-02 -2.74710334e-03]]

  [[-1.44576067e-02 -6.02710934e-04 -1.39868064e-02 ...  2.33792327e-02
     8.27428233e-03  1.55686839e-02]
   [ 7.62009481e-03  7.93081056e-03  1.74480043e-02 ...  1.20985443e-02
    -1.62447598e-02 -7.04216212e-03]
   [-7.86156673e-03  7.07136327e-03  1.03906030e-02 ... -5.27497847e-03
    -4.68514254e-03 -1.68271214e-02]
   ...
   [-1.66643329e-03  2.76209023e-02  2.13793516e-02 ...  6.39732555e-03
    -2.47689467e-02  9.56864469e-03]
   [ 2.20558071e-03 -1.18644796e-02  4.52312734e-03 ... -2.29907706e-02
    -2.80338321e-02 -8.48047528e-03]
   [ 2.07865424e-02 -1.31281707e-02  4.81797522e-03 ...  1.55863427e-02
     1.13368724e-02  7.56462244e-03]]

  [[ 1.44436164e-02 -3.52274370e-03  7.05420319e-03 ... -9.96415596e-03
    -1.60955638e-02 -1.80313047e-02]
   [-2.94369785e-03 -1.29056368e-02 -6.14587509e-04 ...  9.19021666e-03
     8.09407420e-03  1.96339260e-03]
   [-1.33486744e-02  1.73407104e-02  4.92947781e-03 ...  9.79596656e-03
    -4.49078670e-03  2.47713290e-02]
   ...
   [ 2.14828886e-02 -2.11081430e-02 -2.72928234e-02 ... -7.01532140e-03
     7.35940784e-03 -2.72542592e-02]
   [-2.05194112e-02 -1.70843285e-02  5.52040874e-04 ...  2.27843300e-02
     1.14280172e-03 -1.12144714e-02]
   [ 1.93789769e-02  2.26275939e-02  8.02035071e-03 ... -1.38743286e-04
     6.11739280e-03 -2.48653740e-02]]

  [[ 1.02506531e-02 -1.00440402e-02 -6.41417224e-03 ...  1.61142983e-02
    -1.13099115e-02 -2.44500265e-02]
   [ 9.32969502e-04 -7.40501937e-03  3.78792617e-03 ... -2.38955691e-02
     1.03593552e-02 -1.60479564e-02]
   [ 1.63901306e-03  1.86642408e-02  1.38594070e-02 ...  2.43078656e-02
    -1.01361051e-02  1.36111816e-02]
   ...
   [-2.82808300e-02  2.12174337e-02 -2.80450593e-04 ...  1.53848426e-02
     1.22957369e-02 -1.44053726e-02]
   [-1.43356556e-02  4.69341688e-03  9.77152307e-03 ... -1.38419336e-02
     2.50886232e-02 -1.62045173e-02]
   [ 1.06158005e-02  1.22349085e-02 -1.98222809e-02 ... -2.37088930e-02
     7.88925774e-03 -3.58576979e-03]]]


 [[[ 1.75669752e-02  1.49221700e-02 -1.82985775e-02 ... -7.37356441e-03
    -1.80843286e-02  9.74899903e-03]
   [ 1.73365548e-02 -1.88175516e-04  5.95453847e-03 ... -2.13319361e-02
     2.85552233e-03  1.68904592e-03]
   [-3.86781804e-03  2.35625189e-02 -1.46839526e-02 ... -1.52294552e-02
     2.41941549e-02  9.11316369e-03]
   ...
   [-2.06427351e-02 -1.46885999e-02  2.50300728e-02 ...  1.12315081e-02
    -2.35146154e-02  2.47268961e-03]
   [-1.99012961e-02  5.38595859e-03 -1.21382670e-02 ...  1.10049071e-02
    -5.38574578e-03 -1.88174415e-02]
   [-1.88797805e-02  4.62111924e-03  1.18180243e-02 ... -7.84260593e-03
     4.87194583e-03  8.49548727e-03]]

  [[ 1.88739598e-02  1.66413691e-02 -9.41822364e-04 ...  1.28429141e-02
     1.07021984e-02  1.30500244e-02]
   [ 2.45488770e-02 -2.31547635e-02  1.11361302e-03 ...  1.40488055e-02
     2.21386719e-02 -1.96915269e-02]
   [-2.26825457e-02  9.13990568e-03  1.21652279e-02 ...  2.30867285e-02
    -5.71223721e-03 -1.69315953e-02]
   ...
   [ 6.21414976e-03  2.10653339e-02 -1.04261246e-02 ...  2.01146509e-02
     2.05387231e-02 -2.48215962e-02]
   [-2.19856929e-02  7.96126551e-04  5.12546115e-03 ...  2.02596076e-02
    -2.23539881e-02  2.62646228e-02]
   [ 1.41561043e-03 -1.57030660e-03 -1.99647844e-02 ... -8.11786577e-03
     1.03119612e-02 -6.03809394e-03]]

  [[-1.22953262e-02 -1.49715487e-02 -6.41104125e-04 ...  1.44338030e-02
     4.03079577e-03  2.60194149e-02]
   [-1.12225451e-02  7.85689685e-04 -2.46285163e-02 ...  2.32893899e-02
     2.25214697e-02  1.36433309e-02]
   [ 3.36108194e-03 -2.59104501e-02  2.13143341e-02 ...  1.41213527e-02
     6.27440121e-03  7.65463803e-03]
   ...
   [-1.83076430e-02  2.75357794e-02  2.99336901e-03 ...  2.21227799e-02
     3.90128908e-03 -1.34095931e-02]
   [-1.58869475e-02  1.76556446e-02 -1.24316439e-02 ... -1.41110783e-02
    -2.43882071e-02  2.06971262e-02]
   [-2.61835684e-03  1.78922433e-02 -1.08421696e-02 ... -1.21640302e-02
    -1.48935616e-02 -1.09099643e-02]]

  [[-9.14330408e-03 -1.04329949e-02 -1.93641335e-02 ... -4.45960229e-03
    -3.90344695e-03  1.24336667e-02]
   [-6.53819088e-03  9.83119849e-03 -2.67703012e-02 ...  1.59311313e-02
    -1.68081338e-03  2.05208901e-02]
   [ 1.75292958e-02 -2.09083315e-03 -5.04608266e-03 ...  5.00397233e-04
    -2.05683485e-02  2.50511952e-02]
   ...
   [ 1.91556811e-02 -2.95077800e-03 -2.59235818e-02 ... -1.77421328e-02
    -1.72842704e-02  1.51679218e-02]
   [-1.69179272e-02 -1.26853073e-02  1.15552824e-02 ...  9.38943028e-03
    -1.87383611e-02 -5.70500549e-03]
   [-1.30810700e-02 -9.70232021e-03 -3.60110030e-03 ... -6.00431673e-03
     3.98868695e-03 -8.40598624e-03]]

  [[-5.40452218e-03  2.09403597e-03 -1.58865005e-03 ... -1.68925822e-02
    -1.31257740e-03  1.69862304e-02]
   [-1.28915226e-02 -2.13385802e-02 -2.32861359e-02 ... -2.13840697e-02
     1.58720016e-02  1.90977578e-03]
   [ 2.48132292e-02  1.77258309e-02 -3.41267628e-03 ...  1.99095011e-02
    -5.87252481e-03 -2.17190268e-03]
   ...
   [-1.28848040e-02  1.49745764e-02  7.02187093e-03 ...  1.24863582e-02
     1.62667297e-02  1.87050682e-02]
   [-1.70744546e-02 -6.70041610e-03 -1.56207923e-02 ...  3.54533503e-03
    -4.04983945e-03 -1.12972017e-02]
   [ 1.89605244e-02  2.27008015e-02  1.34140318e-02 ...  1.33304866e-02
    -6.12104777e-03  1.67090651e-02]]]


 [[[ 2.26555467e-02 -2.42393110e-02  2.23472007e-02 ...  6.87935157e-04
    -1.04086120e-02 -2.03974713e-02]
   [ 1.67427156e-02  9.34749655e-03 -1.85335334e-02 ... -2.95557408e-03
    -6.87191088e-04  9.20621306e-03]
   [-1.61461551e-02 -6.72772760e-03 -5.64108742e-03 ...  1.82596184e-02
     1.55730965e-02  6.70426944e-03]
   ...
   [ 7.05035822e-03 -5.97838825e-03  8.91427789e-03 ...  2.61246357e-02
     1.84787847e-02 -1.80504918e-02]
   [ 2.08783746e-02 -9.70024616e-03  1.51311392e-02 ...  2.19217949e-02
    -1.28630223e-02  2.51027998e-02]
   [ 1.65657746e-03 -1.23748351e-02 -1.29092587e-02 ...  1.03960251e-02
     1.15358159e-02  2.19315160e-02]]

  [[-1.06279654e-02 -1.77037232e-02 -2.32288260e-02 ... -8.64447001e-03
    -1.46979541e-02 -1.32030398e-02]
   [ 2.08781827e-02  2.56990059e-03  9.97619145e-03 ... -6.48252724e-04
     4.49518207e-03  1.20385143e-03]
   [ 5.37053449e-03  2.05335058e-02  8.18309933e-03 ...  1.01267721e-03
     1.15497969e-02  7.34421425e-03]
   ...
   [-2.15538740e-02  3.22974403e-03 -3.83944577e-03 ... -2.43753288e-02
     2.15291791e-02  3.49852047e-03]
   [ 2.71308832e-02 -2.26805229e-02 -2.03397986e-03 ... -1.46948993e-02
     1.67283621e-02  1.68719850e-02]
   [-9.13489237e-03  1.83268152e-02  1.64333247e-02 ...  2.18554400e-02
     3.52914867e-05  2.16659196e-02]]

  [[ 3.21617676e-03  1.59277860e-03 -3.70781566e-03 ... -1.95264947e-02
    -1.91744836e-03 -1.12699298e-02]
   [ 4.03442979e-03  1.56854838e-02 -1.46385450e-02 ...  1.09743094e-03
     2.17562495e-03  5.50189149e-03]
   [ 1.80342398e-03  2.19364371e-02 -1.03086159e-02 ...  2.43988838e-02
    -1.94904637e-02  5.92163624e-03]
   ...
   [-2.38513993e-03  1.02078430e-02  1.89810228e-02 ...  2.45429035e-02
     5.35086915e-03 -1.00846598e-02]
   [-2.29727626e-02 -8.28377996e-03 -5.14763501e-03 ...  1.55948764e-02
     2.45667864e-02 -1.94794070e-02]
   [ 1.92345735e-02 -9.34144575e-03 -4.76150075e-03 ... -9.59166605e-03
     1.95391215e-02 -1.98418237e-02]]

  [[ 1.30896792e-02 -1.52756758e-02 -9.74933617e-03 ... -1.22163817e-02
    -9.25783161e-03  4.42658929e-04]
   [-4.66480711e-03 -1.84894949e-02  2.27561756e-03 ...  1.07526444e-02
     6.52149180e-03  2.30478626e-02]
   [-2.82811979e-03  1.70939080e-02 -1.36929960e-03 ...  1.57834683e-02
     1.46798985e-02 -2.61500645e-02]
   ...
   [-1.15585690e-02  2.32303180e-02 -2.38266159e-02 ... -1.53509760e-02
    -1.42559148e-02  1.61850583e-02]
   [ 4.27882327e-03 -1.74368676e-02  1.04613435e-02 ...  2.02479176e-02
     4.12622187e-03  2.00305264e-02]
   [-1.90103017e-02  6.82235835e-03 -5.88701805e-04 ... -1.02248685e-02
    -2.24187486e-02  2.41703931e-02]]

  [[ 5.18177729e-03  6.63661398e-03  1.35336025e-02 ... -4.53783490e-04
     7.63902266e-04  2.36093961e-02]
   [-1.05795674e-02  1.09453946e-02  1.61017943e-02 ... -1.04424609e-02
     1.70303453e-02 -1.80307347e-02]
   [ 2.53243744e-02  6.24684291e-03  2.17127614e-02 ...  1.43244956e-02
     2.46574245e-02  1.30507033e-02]
   ...
   [ 1.45599628e-02 -6.08756114e-03  4.55408473e-04 ...  9.99174360e-03
    -1.58024505e-02 -8.06746818e-03]
   [ 2.09628306e-02  3.48492665e-03 -1.26459943e-02 ...  2.36378219e-02
     5.28403884e-03  1.84698347e-02]
   [ 1.48119237e-02  9.45096184e-03 -1.72397364e-02 ...  1.37390876e-02
    -2.16876976e-02 -5.25498716e-03]]]


 [[[-2.24601869e-02 -1.13265179e-02 -1.18795568e-02 ... -1.65949594e-02
     2.50252113e-02  8.31066258e-03]
   [ 2.28805766e-02  1.73007529e-02 -1.98698859e-03 ... -1.86277423e-02
     2.10947711e-02 -1.21483216e-02]
   [ 7.66967516e-03  2.02728957e-02  1.88204497e-02 ... -3.38377641e-03
     2.09292322e-02 -1.51291518e-02]
   ...
   [-1.39247638e-03  4.38996265e-03 -1.74073670e-02 ... -1.05304578e-02
    -1.12078823e-02  1.57853197e-02]
   [-8.27225205e-03 -3.02347005e-03 -5.21390140e-03 ... -8.28848220e-03
     1.53196026e-02 -7.13360962e-03]
   [-5.88023337e-03  1.32853549e-03  1.80787407e-02 ...  1.93980616e-02
     1.03567857e-02 -9.46928840e-03]]

  [[ 2.07299832e-02 -1.42834131e-02 -1.87353585e-02 ...  1.41747762e-02
    -1.05573295e-03  1.91068463e-02]
   [ 9.50585213e-03  7.52149848e-03 -2.39835102e-02 ... -2.55176183e-02
    -1.43567137e-02  4.13612742e-03]
   [-8.95971246e-03 -2.25166865e-02  1.67461131e-02 ... -2.18821913e-02
     6.90110901e-04 -4.13358631e-03]
   ...
   [-1.94980092e-02  2.66614240e-02  2.73658242e-02 ...  2.48955395e-02
    -2.11182162e-02  3.10962508e-03]
   [-1.63569599e-02  2.38845758e-02 -1.68824755e-02 ... -6.24240935e-03
     1.22925136e-02  1.38749424e-02]
   [ 1.08205229e-02  2.72163725e-03 -1.62487589e-02 ... -1.49416197e-02
     2.16046106e-02  4.24986100e-03]]

  [[-2.26108003e-02 -9.30311251e-03  8.60877987e-03 ... -1.31226778e-02
    -2.63316999e-03 -1.48074226e-02]
   [ 1.25484196e-02  1.50791788e-02  4.82560322e-03 ...  1.51129542e-02
     2.23771948e-02  2.26838258e-03]
   [ 7.42070237e-03 -1.89912394e-02 -2.04780158e-02 ...  1.77256539e-02
     9.81715415e-03 -2.04906110e-02]
   ...
   [ 1.14964936e-02 -2.10846420e-02 -1.30180744e-02 ...  1.28777185e-02
    -8.96587037e-03 -2.72408524e-03]
   [ 1.54635571e-02 -4.08755522e-03 -1.26201194e-02 ...  1.45743303e-02
     1.55287199e-02  7.98186567e-03]
   [-1.70573108e-02 -1.99029073e-02 -1.60853602e-02 ... -1.31809441e-02
    -1.32310549e-02 -1.19993584e-02]]

  [[-1.70440041e-02 -2.42497418e-02  2.48849001e-02 ... -2.06069499e-02
    -2.45880522e-02 -4.45654383e-03]
   [ 2.19239369e-02 -9.24581476e-03  5.06876859e-05 ... -1.05939107e-02
    -1.28045334e-02  2.21367832e-03]
   [ 2.37423349e-02  2.16953233e-02 -2.31437478e-03 ... -7.39179552e-03
    -2.85556586e-03 -2.13692747e-02]
   ...
   [-5.72576886e-03 -8.18734709e-03  1.28243286e-02 ... -1.95075683e-02
    -1.47243887e-02  1.31473131e-02]
   [ 2.73511130e-02  1.13167753e-02  2.59799492e-02 ...  4.07717703e-03
     1.28393332e-02 -2.12040991e-02]
   [ 1.31125329e-02  2.36472916e-02 -2.17205416e-02 ...  1.60570629e-02
    -1.49100302e-02 -2.19292510e-02]]

  [[-2.10322700e-02 -9.61726438e-03 -2.34728269e-02 ... -1.23759322e-02
    -7.68851489e-03  1.19741671e-02]
   [-1.55574698e-02 -3.19817872e-03 -9.19696130e-03 ...  1.97055805e-02
     7.67876336e-04  2.43121460e-02]
   [-1.57638974e-02  1.49636576e-02 -2.14851950e-03 ... -1.61419958e-02
     3.40156886e-03 -1.76796224e-03]
   ...
   [ 6.17880886e-03 -1.17999874e-03 -1.02965357e-02 ... -5.26811555e-03
     1.06260944e-02 -2.02573072e-02]
   [ 1.98813938e-02 -9.36746877e-03 -4.08917479e-03 ...  2.05275808e-02
     2.52653752e-02  2.08008867e-02]
   [ 4.63919248e-03  1.91258509e-02 -2.34459620e-03 ... -1.86551902e-02
    -1.78269427e-02  1.63326915e-02]]]


 [[[ 6.05856115e-03 -1.05070304e-02 -2.29643341e-02 ... -1.77389178e-02
    -6.79721078e-03 -1.06872432e-02]
   [ 1.79225709e-02  6.41378481e-03 -2.45976485e-02 ... -2.50381194e-02
     2.19480861e-02  1.17034810e-02]
   [ 4.04456258e-03 -2.20268872e-02 -2.28348225e-02 ...  1.81910042e-02
    -1.45118479e-02 -2.09478177e-02]
   ...
   [-1.02284336e-02 -9.26501397e-03 -4.67354385e-03 ... -1.61426645e-02
    -4.09362791e-03  1.77253559e-02]
   [ 2.57742498e-02  1.77664880e-03  9.66188684e-03 ...  1.70042068e-02
    -1.04738083e-02 -6.94879517e-03]
   [ 2.17919555e-02  1.25320395e-02  4.69016470e-03 ...  1.36762913e-02
    -3.22392443e-03  7.94215035e-03]]

  [[-7.45332101e-03  2.12423876e-03  5.53247472e-03 ... -1.73553992e-02
    -8.60288832e-03 -1.16503900e-02]
   [ 1.73361283e-02  6.31381385e-03 -1.59777328e-02 ...  5.50027378e-03
     1.79652497e-02 -1.27908746e-02]
   [ 1.04992595e-02  1.74203403e-02 -9.88572929e-03 ...  9.74020269e-03
    -1.71663845e-03 -2.37203166e-02]
   ...
   [-1.38180051e-03  2.42242403e-02  1.54727953e-03 ...  1.33589674e-02
     2.02948675e-02  1.34699242e-02]
   [-1.61015037e-02 -1.17993485e-02 -1.97191034e-02 ...  1.38990749e-02
    -1.43482396e-02 -6.08285051e-03]
   [-1.04500549e-02 -1.69285629e-02 -2.85375547e-02 ...  2.16286117e-03
    -2.55400166e-02  1.28240586e-04]]

  [[-9.80620552e-03  6.43057516e-04  1.15778651e-02 ... -1.40732024e-02
    -5.00976993e-03 -1.21920863e-02]
   [ 6.95798732e-03 -1.06271738e-02  6.46677939e-03 ...  1.11009600e-02
    -1.42563079e-02 -5.31227444e-04]
   [ 2.47999188e-02 -1.06321489e-02 -7.61306239e-03 ... -4.83490014e-03
     2.10779570e-02  2.31681652e-02]
   ...
   [-1.83634590e-02 -1.74510740e-02  1.49513409e-02 ...  7.11083878e-03
     1.30070401e-02 -1.64709240e-02]
   [ 1.37437535e-02  8.66675749e-03 -2.02160496e-02 ... -2.12743375e-02
     6.84107188e-03  1.50282672e-02]
   [-8.75862141e-04 -1.40557010e-02 -5.51465293e-03 ... -5.56566846e-03
     2.03719120e-02  1.20291403e-02]]

  [[-2.42271759e-02  1.35446843e-02  3.74937500e-03 ...  3.84253287e-03
     5.17430191e-04 -1.22278659e-02]
   [ 8.21630750e-03  2.27185376e-02 -2.26085354e-02 ... -2.23075133e-03
     2.61315107e-02  1.30237648e-02]
   [ 9.11992451e-04  9.33940709e-03  5.68448985e-03 ... -7.02728331e-03
     7.91421253e-03 -1.14454161e-02]
   ...
   [ 1.26615427e-02  2.26402655e-02  2.20469777e-02 ...  1.22871678e-02
     2.94911966e-04  2.09300742e-02]
   [ 3.44592077e-03 -3.15980054e-03  1.91462599e-03 ...  1.18663283e-02
     1.77847687e-02  2.50160079e-02]
   [-1.77009217e-02 -1.70452558e-02  3.93677829e-03 ... -3.08454107e-03
    -1.42520005e-02 -2.54171658e-02]]

  [[ 2.02133376e-02  1.16482796e-03 -7.61834020e-03 ... -1.32612269e-02
     5.37751941e-03  2.45345701e-02]
   [ 1.84840132e-02 -1.08170500e-02  1.66117551e-03 ...  8.39539338e-03
    -1.72692798e-02  7.17375847e-03]
   [-1.05548231e-02 -1.20151918e-02 -1.53152561e-02 ... -1.43001117e-02
     1.07221131e-05  1.16422791e-02]
   ...
   [-2.63123792e-02 -2.57117171e-02  3.05867125e-03 ...  5.30581642e-03
    -6.47589797e-03  2.20195279e-02]
   [-1.28016118e-02 -1.46063894e-03  5.06358407e-03 ...  5.50025236e-03
     8.99882521e-03  1.06339413e-03]
   [ 1.18171275e-02 -4.76823002e-03 -2.80937534e-02 ... -2.65465919e-02
    -1.48069356e-02  3.57665215e-03]]]]
  Weight 1: (256,)
[-5.9631595e-04 -1.2370008e-03 -1.7134439e-03 -1.9619532e-03
 -1.9709643e-03  1.7604328e-03 -7.4727990e-04 -1.2008473e-03
 -4.1122925e-03 -1.9117427e-03 -3.7497573e-04 -1.1200137e-03
 -1.6133033e-03  3.6591326e-04 -1.0943078e-03 -1.5837644e-03
  1.1726336e-04 -7.7990204e-04 -8.6877967e-04 -9.7522081e-04
 -3.2918004e-03 -1.4363774e-03 -1.0475437e-03 -9.3343359e-04
 -3.3009751e-03 -3.8188258e-03 -6.6186400e-04 -1.2960964e-03
 -2.2870654e-03 -1.6146820e-03 -2.5089772e-03 -1.7496415e-03
 -9.4846451e-05 -1.2566085e-03 -3.6545287e-05  4.2960086e-04
  1.8159772e-04 -8.2282809e-04 -9.2842890e-04 -1.9810833e-03
 -7.7012746e-04 -2.5057741e-03 -7.1369298e-04 -3.6329336e-03
 -1.8806249e-03 -2.5194651e-03 -9.4816106e-04 -1.7313319e-03
 -6.9035386e-04 -1.7990259e-03 -1.7628976e-03 -4.0784018e-04
 -2.5539584e-03 -2.2929003e-03 -1.7694840e-03 -2.4601544e-04
 -1.0972033e-04 -4.1593731e-04 -1.2302442e-03 -1.9792547e-03
  2.7047383e-04 -1.4191291e-03  1.5488953e-03 -2.1437993e-03
 -9.2650240e-04 -2.4928476e-03 -3.9618709e-03 -3.2630321e-04
 -3.0471289e-03 -1.6698488e-03 -4.3220674e-03 -1.6426126e-03
 -1.3125429e-03  6.9355912e-04  7.8701146e-04 -6.7091297e-04
 -1.2451456e-03 -5.2537234e-04 -3.3295664e-03 -1.1720693e-03
 -5.8239046e-04 -3.9761886e-04 -2.0682295e-03 -2.5844481e-03
 -2.3503720e-03 -2.4698277e-03 -8.5110439e-04 -1.3073114e-03
 -2.1056975e-03 -1.5514852e-03 -1.7644988e-03 -1.4168113e-03
 -2.9322193e-03 -1.3853968e-03 -5.9162325e-04 -3.7280217e-04
 -1.3619326e-03 -1.8281396e-03 -5.6366954e-04  2.1919883e-03
 -1.9111244e-03 -2.3379680e-03 -6.0211919e-04 -9.9693879e-04
 -1.9246079e-03 -5.2946957e-04 -2.7617512e-03 -1.0436953e-03
 -1.0313985e-03 -2.2051155e-03 -1.7594311e-03 -7.8568075e-05
 -3.5920367e-03 -9.8292693e-04  2.1793603e-05 -1.8855747e-03
 -7.2988559e-04 -6.4154371e-04 -1.5678934e-03 -1.6867850e-03
 -1.3310568e-03 -2.0755013e-03 -4.8297760e-04 -2.6953630e-03
 -1.6882054e-03 -2.8658123e-03 -3.5741050e-03 -4.1976204e-04
 -1.7518103e-03 -7.5240841e-04 -5.5180839e-04 -3.1720190e-03
 -3.6759110e-04 -2.0107666e-03 -1.5047940e-03 -4.5327182e-04
 -9.5943449e-04 -3.6278800e-03 -1.4748507e-03 -3.4088972e-03
  1.6361558e-04 -1.8060744e-03 -5.3697359e-04 -1.5753272e-04
 -2.3756125e-03 -1.8457670e-03 -3.0703438e-03 -1.5046143e-03
 -1.4215420e-03 -3.0968576e-03 -2.2810113e-03 -7.6310762e-04
 -3.9970959e-04 -7.6534998e-05 -1.1578758e-03 -2.8492793e-04
 -3.3652806e-04 -2.9289816e-04 -1.7891588e-03 -5.7435432e-04
 -9.5263886e-04 -1.4180655e-03 -8.2525564e-04 -1.7644571e-03
  5.8330770e-05 -1.7541859e-03 -2.7711645e-03 -1.1978790e-03
 -1.5310355e-03 -1.2919714e-03 -4.7457119e-04 -1.3398633e-03
 -2.5458457e-03 -1.3562152e-03 -1.6723748e-03  2.5365214e-04
 -5.5652857e-04 -4.6382836e-04 -2.0387380e-03 -7.7218172e-04
 -1.2684180e-03 -8.4794179e-04 -1.5333226e-03 -4.7625220e-04
 -1.2284828e-03 -1.4962595e-03 -2.2088122e-04 -3.3250722e-04
 -8.8513462e-04 -8.2553434e-04 -1.2796797e-03 -8.8730612e-04
 -3.0497196e-03 -4.2423792e-04 -1.6305010e-03  6.3637010e-05
 -1.7155590e-03 -8.8799326e-04 -1.3410137e-03 -1.4522742e-03
 -3.0488597e-04 -1.9781613e-03 -1.3809414e-03 -9.0941071e-04
  1.4988796e-04 -1.0423117e-03 -4.2073859e-04 -7.7481593e-05
 -1.2713725e-03 -2.7800377e-03 -1.7126973e-03 -1.2225880e-03
 -3.7800900e-03 -8.0239365e-04 -2.0254739e-03 -2.3087843e-03
 -1.6252780e-03 -1.1212027e-03 -1.1928612e-03 -2.4573926e-03
 -1.6834986e-03 -2.8553815e-03 -1.4443747e-03 -2.9072774e-04
 -3.6205580e-03 -6.5950374e-04 -4.4749706e-04  2.9894660e-04
 -1.5892936e-03 -1.5599203e-03 -1.1767083e-03 -8.7313773e-04
  5.1015662e-04 -1.9323571e-03  3.6526870e-04 -1.7929885e-03
 -1.5086927e-03  8.6226407e-04  1.5324103e-03 -1.7535170e-03
 -2.6801145e-03 -5.2159047e-04  7.7853393e-04 -9.5010252e-04
 -3.2699935e-03 -3.1765208e-03 -5.4726977e-04 -1.3431066e-03
 -5.0007395e-04 -2.9213978e-03 -8.4551179e-04  8.5015618e-04
 -1.7549122e-03 -1.2484374e-03 -2.2117421e-03 -2.0290711e-03]

Layer: max_pooling2d_7

Layer: conv2d_12
  Weight 0: (3, 3, 256, 384)
[[[[ 1.00801038e-02  1.23029081e-02  2.64387019e-02 ... -1.73711237e-02
     1.05880359e-02  8.46598414e-04]
   [ 2.36687548e-02  1.51068009e-02 -1.75256431e-02 ...  3.25952433e-02
    -2.76304390e-02  4.11745999e-03]
   [ 4.68410726e-04  5.89280156e-03 -3.17331925e-02 ...  4.75332607e-03
    -8.05656146e-03 -1.05788000e-02]
   ...
   [-2.23069172e-02 -1.88479032e-02  1.12967975e-02 ...  1.22678038e-02
     1.46363792e-03 -1.69471162e-03]
   [-1.33169815e-02  2.51031332e-02 -1.72460563e-02 ...  2.11894792e-02
    -1.01652425e-02  3.10760755e-02]
   [-2.91072801e-02 -3.31691583e-03  3.99230933e-03 ...  1.58090226e-03
    -1.64595526e-02  2.71511655e-02]]

  [[-2.60975417e-02 -1.94163956e-02  1.63024245e-03 ... -2.63559166e-02
     5.34701254e-03 -1.20375408e-02]
   [-1.81081537e-02 -1.92315094e-02  2.76965164e-02 ...  2.19363589e-02
     2.80845556e-02 -3.13612372e-02]
   [ 1.99450292e-02 -3.03505687e-03 -1.41182309e-02 ...  2.72235982e-02
    -4.38652327e-03  9.20853199e-05]
   ...
   [-2.55422443e-02 -1.09034143e-02 -2.25617364e-02 ... -3.10734357e-03
     2.16488782e-02  6.55476470e-03]
   [-1.20099550e-02  1.19517734e-02  2.49872822e-02 ...  1.98072679e-02
     2.54303887e-02  2.27848329e-02]
   [-1.56828798e-02 -4.48947586e-03  1.80591103e-02 ...  2.26978082e-02
    -5.14462637e-03  1.89253073e-02]]

  [[ 1.66558120e-02  1.11040492e-02 -2.81071234e-02 ...  2.26054005e-02
     2.20802589e-03 -1.21756326e-02]
   [-2.14038091e-03  2.31630448e-02  5.74267097e-03 ... -6.17058715e-03
    -1.96693186e-02 -1.02006299e-02]
   [-1.90599915e-02  3.46370507e-03  5.44662820e-03 ...  2.35530618e-03
    -2.17265505e-02 -6.53741707e-04]
   ...
   [-7.93533772e-03  1.49090448e-02  6.87554246e-03 ...  1.65312830e-02
    -3.32661234e-02 -1.45751284e-02]
   [ 1.10656619e-02  2.98022255e-02 -1.26487864e-02 ...  9.95605160e-03
    -1.70827471e-02 -7.65925273e-03]
   [-1.05760600e-02 -1.17976824e-02 -1.91360861e-02 ... -1.69133686e-03
    -6.50813151e-03 -1.40140131e-02]]]


 [[[-1.57917347e-02 -1.47104301e-02 -2.77557615e-02 ...  2.63204426e-02
     3.32875066e-02  1.78900771e-02]
   [ 1.31535539e-02 -5.71974262e-04 -2.73365807e-02 ... -6.04599109e-03
    -1.56805888e-02  2.61226408e-02]
   [-1.02138519e-02 -2.19779108e-02 -3.04903053e-02 ... -1.41019723e-03
     1.43515330e-03 -7.80794828e-04]
   ...
   [-1.15048066e-02  2.06404421e-02 -3.74407944e-04 ...  1.79096330e-02
     2.03098822e-02  2.57166270e-02]
   [ 4.36260132e-03 -5.81646943e-03 -2.49268394e-02 ... -5.88024128e-03
     1.33612081e-02  3.73309338e-03]
   [-8.85464624e-03  2.59575024e-02  1.07977642e-02 ... -2.38733012e-02
    -1.79429967e-02 -3.13447416e-02]]

  [[-3.16775516e-02 -1.55845946e-02 -1.05445636e-02 ...  1.80845968e-02
    -1.30591020e-02  2.44057924e-02]
   [ 2.06667557e-02 -2.53013931e-02 -1.77370366e-02 ... -2.44444925e-02
    -3.11366376e-02  2.65531745e-02]
   [ 1.24135241e-03  2.06033271e-02 -2.01689880e-02 ...  2.97019128e-02
     3.17220092e-02  1.26467943e-02]
   ...
   [-7.02132762e-04 -2.26495117e-02 -9.05672275e-03 ... -3.58098699e-03
     1.29071604e-02  2.98704170e-02]
   [-3.05511057e-04 -1.05210384e-02  1.20495874e-02 ...  1.69599131e-02
    -2.31830422e-02 -6.37478847e-03]
   [-2.89385933e-02 -1.13506503e-02 -1.19871451e-02 ...  1.80445053e-02
    -1.41427070e-02  1.07215773e-02]]

  [[-1.48711354e-03  1.49432439e-02  1.96760404e-03 ... -2.74902992e-02
    -2.74688751e-02 -5.17419912e-03]
   [ 2.02093124e-02 -3.02325897e-02 -2.59958412e-02 ... -2.07515918e-02
     3.00579588e-03  2.02302961e-03]
   [ 4.31817118e-03  1.98074756e-03 -2.73006910e-04 ... -2.86590122e-02
     2.93867346e-02  3.12453546e-02]
   ...
   [ 2.10733851e-03  8.72195174e-04  2.02637166e-02 ...  6.09279983e-03
     2.03795061e-02 -7.15904031e-03]
   [ 2.05099098e-02 -2.03691609e-02  2.34889183e-02 ...  8.54283478e-03
     8.83155561e-04  3.16606881e-03]
   [-2.13597585e-02  1.88005716e-02 -2.55055875e-02 ...  1.21558234e-02
    -5.68506774e-03  1.76032502e-02]]]


 [[[ 2.58527882e-02  2.61346926e-03  2.09867507e-02 ...  2.15311814e-02
     2.62081139e-02  8.67466035e-04]
   [-3.16114314e-02 -1.11241462e-02 -1.63892284e-02 ... -1.17460294e-02
     1.98906697e-02  5.34724350e-05]
   [-6.77837199e-03  1.41569683e-02 -3.16802785e-03 ... -1.94446594e-02
     9.09669138e-03 -2.84963455e-02]
   ...
   [ 1.65447704e-02 -9.11329233e-04 -3.36558186e-02 ...  1.88272055e-02
     3.18512768e-02  1.83430444e-02]
   [-9.53978952e-03  2.17986349e-02  2.91712545e-02 ... -1.90029747e-03
    -2.89717223e-03  1.77291501e-02]
   [ 1.39214024e-02 -1.35965813e-02 -1.20709520e-02 ...  5.00528095e-03
     2.98041403e-02  8.73677083e-04]]

  [[-2.09073536e-02  3.29600424e-02  5.03609190e-03 ...  1.82493031e-02
     5.38082095e-03 -7.07423175e-03]
   [ 1.74889322e-02 -2.29490194e-02  2.28393041e-02 ...  2.87143420e-02
     2.25766115e-02  1.31521849e-02]
   [-2.39411816e-02 -2.19472460e-02 -2.70764846e-02 ...  2.16891151e-02
    -1.47562716e-02 -2.17837989e-02]
   ...
   [-1.64908301e-02  3.30091687e-03 -3.06770429e-02 ...  2.18500048e-02
    -3.01128533e-02  1.20728044e-02]
   [-1.65455826e-02  1.82875115e-02  2.64055907e-05 ...  1.49543202e-02
     7.35452911e-03  7.03979330e-03]
   [ 1.65125809e-03 -4.41085873e-03 -3.03843189e-02 ... -1.68151688e-02
    -8.05690885e-03 -1.10035790e-02]]

  [[-2.84561086e-02 -2.71606129e-02  2.90391706e-02 ...  1.78577472e-02
    -2.92308487e-05 -1.50377853e-02]
   [ 2.31297892e-02  3.19753401e-02 -2.04939116e-02 ...  3.27251968e-03
    -2.83544902e-02  1.62986945e-02]
   [ 7.76220718e-03  3.11431903e-02  3.09685748e-02 ... -7.78811052e-03
    -2.39718407e-02 -1.97911616e-02]
   ...
   [-1.93173066e-02  1.18533345e-02 -4.34600934e-03 ... -2.75353976e-02
    -2.14807838e-02 -1.66856858e-03]
   [-1.80250891e-02  1.82935763e-02  1.94197446e-02 ... -1.50497723e-02
     1.94713827e-02  3.13849300e-02]
   [ 1.47350933e-02 -7.52672786e-03  1.85322494e-03 ... -3.10594365e-02
     1.01918867e-02  2.17052661e-02]]]]
  Weight 1: (384,)
[-1.00006454e-03 -8.43174232e-04 -5.67325158e-04 -1.69829221e-03
  2.21774215e-04 -1.47488434e-03 -1.33719319e-03  3.24616674e-04
 -1.48580089e-04  8.65378242e-04  6.17234618e-04 -2.74242763e-03
 -2.26338673e-03 -3.43476213e-03  1.11604808e-03 -3.48881353e-03
 -9.22407024e-04 -1.00823946e-03 -4.75629029e-04 -6.04452682e-04
  1.30919390e-03 -8.30058882e-04 -1.35258189e-03 -9.78932250e-04
 -1.65061885e-03 -1.30813802e-03 -8.92116514e-04 -1.02157204e-03
 -8.32335136e-05 -3.70093738e-04 -1.30769084e-04 -6.20541570e-04
 -7.39305164e-04 -1.48707186e-03 -9.98023432e-04 -1.61574956e-03
 -8.76154867e-04 -1.53460086e-03 -1.57130486e-03 -2.10750313e-03
 -1.61152403e-03 -2.55873380e-03  8.06989789e-04 -2.00386648e-03
 -7.38191375e-05  6.70845271e-04  3.03238397e-04 -1.39622740e-03
 -9.26865963e-04 -1.89420627e-03 -1.37670489e-03 -1.48323539e-03
 -5.01283794e-04 -3.38901416e-04 -1.39466207e-03 -1.49256294e-03
 -5.01734554e-04 -1.10780925e-03 -3.81211634e-04 -2.03865347e-03
 -1.25754066e-03 -9.20002465e-04 -1.76702323e-03 -2.06357986e-03
  4.73115593e-04 -1.63654820e-03 -7.46337697e-04 -2.14078394e-03
 -4.04283113e-04 -3.47128324e-03 -5.09182632e-04 -6.39921345e-04
 -1.85769657e-03 -2.07862398e-03 -1.50492345e-03  1.12660741e-03
 -1.00059598e-03 -9.26427427e-04  3.03097695e-05 -9.66080930e-04
 -1.54642900e-03 -1.43776811e-03 -1.14284176e-03 -1.71446288e-03
 -1.67563942e-03 -5.76751365e-04 -3.47992452e-03  3.86425789e-04
 -1.59735978e-03 -5.39429093e-05 -7.83825177e-04 -1.09614222e-03
 -1.27549784e-03  8.52918485e-04 -1.06998067e-03 -3.49090295e-03
 -1.02813647e-03 -1.26106769e-03 -1.30430586e-03 -1.70486499e-04
 -6.53631927e-04 -7.23909994e-04 -2.38185213e-03 -1.17447821e-03
  5.94579760e-05  3.47473426e-04 -1.93876342e-03 -9.95861599e-04
 -1.02795649e-03  4.86724923e-04 -6.10493589e-05  1.57625030e-03
 -1.13054365e-03 -9.42962419e-04 -8.51142220e-04 -1.03185046e-03
 -2.25652521e-03 -1.85747223e-03 -8.58563522e-04 -7.60665571e-04
 -2.97801965e-03 -5.62471687e-04 -5.52884521e-05 -9.54062038e-04
 -2.34720093e-04 -5.10353348e-05 -1.53398339e-03 -1.65741413e-03
 -1.30357177e-04 -1.47643802e-03 -2.23830063e-03 -1.20838254e-03
 -1.56791206e-03 -6.62640145e-04 -8.04169860e-04 -6.18647144e-04
 -1.17994775e-03 -2.32752669e-03 -1.27915049e-03 -7.59850023e-04
 -6.26325607e-04 -2.70735170e-03  1.03817714e-04 -1.98739790e-03
 -2.57944368e-04 -1.18478481e-03 -5.69265045e-04 -1.58364605e-03
 -2.56729824e-03 -9.25930566e-04 -1.31112000e-03 -5.06820972e-04
 -7.84422562e-04 -9.34602751e-04 -1.27131084e-03 -1.97619968e-03
 -3.02981149e-04  2.94528611e-04 -1.24514755e-03 -1.37882365e-03
 -2.71229236e-03 -8.11009202e-04  5.44805196e-04  4.33437875e-04
 -2.50407145e-04 -1.50188676e-03 -2.61416635e-03 -1.55122334e-03
 -1.80642272e-03  1.24210119e-03  3.15794535e-03 -1.38043961e-03
  4.04275852e-05 -1.15150632e-03 -1.46124352e-04 -2.17214157e-03
 -2.61370349e-03  3.68203364e-05 -1.20090670e-03  9.33613555e-05
 -1.81458177e-04 -2.34761173e-04 -2.20811358e-04 -1.31251488e-03
 -1.26835122e-03 -4.65940480e-04 -6.37894729e-04  3.53745563e-04
 -1.70750020e-03 -2.42249737e-03 -1.22394878e-03 -1.96558656e-03
 -2.60690018e-03 -2.43756594e-03  2.07013683e-04 -2.02421710e-04
 -3.31790128e-04 -1.39806641e-03 -8.16945045e-04  4.28512692e-04
 -2.24144387e-04 -4.36633272e-04  4.73953289e-04 -9.72798793e-04
 -2.75187404e-03 -4.57590562e-04 -1.98754971e-03 -4.58037201e-03
 -2.01916206e-03 -5.86005393e-04 -2.75723310e-03 -1.14792690e-03
  7.41394295e-04 -1.67404593e-04 -1.99814443e-03 -6.48932240e-04
 -2.48710881e-03 -1.93097198e-03 -1.58739102e-03 -1.71884021e-03
  6.46528613e-04 -1.91365927e-03 -5.14223066e-04 -1.20526960e-03
 -1.08558743e-03  2.65939569e-04 -5.31983154e-04 -1.92629057e-04
 -2.59175664e-04 -1.41823699e-03 -3.46726039e-04 -2.20292411e-03
 -1.70051539e-03 -1.97217194e-03 -2.05099373e-03 -1.12964329e-03
 -1.82142737e-03 -8.81690183e-04 -3.23072833e-04 -2.17891391e-03
 -4.13389294e-04 -2.67925934e-04 -1.35268655e-03 -1.53958891e-03
 -9.42940125e-04 -2.37906352e-03  1.52610537e-05 -2.90499098e-04
 -1.42601365e-03 -6.18165359e-04 -3.17684258e-04 -1.09189932e-04
 -1.13432005e-03 -1.43851095e-03 -2.26194807e-03 -8.36784544e-04
 -1.32106757e-03 -5.36732608e-04 -2.05284171e-03 -2.12648837e-03
 -1.26557134e-04 -2.16240573e-04 -3.92288063e-03 -1.75938173e-03
 -3.47347173e-04 -9.90979723e-04 -9.35209624e-04 -3.14943492e-03
 -5.10497543e-04  1.63438742e-03 -1.18073937e-03 -1.63373293e-03
  1.99309026e-04 -9.53532930e-04  9.13575350e-04 -9.81819467e-04
  1.11189683e-03 -6.81868813e-04 -7.26335857e-04 -7.99297588e-04
  1.07395323e-03 -1.69242837e-03 -1.47478550e-03 -1.17721187e-03
 -1.16259407e-03 -1.45463273e-05 -2.75126705e-03 -7.10705353e-04
 -1.31372840e-03 -1.17482140e-03 -2.56346975e-04  8.73486104e-04
 -1.20552606e-03 -1.23930664e-03 -1.25609955e-03 -3.46963480e-03
  1.75440335e-04 -1.65387895e-03 -6.36430748e-04 -3.23788566e-03
 -2.72100675e-04 -2.37821066e-03 -1.47222402e-03 -9.16953373e-04
 -5.36444932e-05 -2.50181858e-03 -1.37870375e-03 -1.63472805e-03
 -1.50708435e-03 -1.87282590e-03 -1.97444996e-03 -2.45160004e-03
 -1.82539527e-03 -1.54133991e-03 -2.39384244e-03 -1.24357326e-03
 -1.82057917e-03 -2.72635545e-04  2.66832695e-03 -7.82521442e-04
 -1.18109293e-03  8.50619108e-06 -4.25898936e-04  3.50428658e-04
 -1.15626981e-03 -1.80399558e-03 -5.38820284e-04 -1.42834627e-03
 -2.24352512e-03  4.07793879e-04 -3.10551026e-04 -1.36111944e-03
  1.42098055e-03  4.32163972e-04 -1.61148619e-03 -6.38832687e-04
 -2.18764893e-04  1.35408028e-03 -7.62729265e-04 -2.11490638e-04
 -1.52779208e-03  6.47886773e-04 -3.14276270e-03  3.43961408e-04
 -1.95557578e-03  9.13492229e-04 -5.12998027e-04 -8.92126234e-04
 -9.86787956e-04 -5.58233412e-04  7.57117741e-05 -1.61399797e-03
  4.49089013e-04  3.07914393e-04 -3.88280343e-04 -8.20799614e-04
 -2.00520107e-03 -6.14675984e-04  3.05511930e-04 -2.73886207e-03
 -1.14255538e-03  2.83835834e-04  2.93549499e-04 -4.10421271e-05
  1.68996339e-05 -3.38164333e-04 -1.60687452e-03 -4.73692286e-04
 -1.41651987e-03 -1.22017181e-03  1.46930804e-03  2.30306352e-04
 -5.69005497e-04 -2.52786721e-03 -1.17477064e-03 -1.47143623e-03
 -1.62824930e-04 -8.96583195e-04 -7.50646053e-04 -4.49589803e-04
  4.84170014e-04 -9.71476038e-05 -7.38267088e-04 -2.56729429e-04]

Layer: conv2d_13
  Weight 0: (3, 3, 384, 384)
[[[[-3.46137467e-03  4.67549870e-03 -2.50332952e-02 ...  1.69936176e-02
     2.29056701e-02 -1.36394165e-02]
   [-1.75211467e-02  1.52092269e-02  2.77908891e-03 ... -2.51532178e-02
    -1.93242654e-02 -2.52662729e-02]
   [ 6.14710525e-03  2.73613855e-02  1.94905009e-02 ... -1.22574717e-02
    -2.34482437e-02 -2.55295150e-02]
   ...
   [ 6.89479336e-03  2.09968816e-02 -1.59231573e-02 ...  1.44598866e-03
     2.69243084e-02  1.10866074e-02]
   [-1.69307385e-02 -1.93558261e-02  1.02643231e-02 ... -1.41655421e-02
    -9.81322490e-03  1.53320171e-02]
   [ 2.73517929e-02 -2.71127392e-02  1.16008613e-02 ... -1.92001555e-02
     2.45637763e-02 -9.30108968e-03]]

  [[ 1.02337515e-02 -2.28951871e-02 -1.62890814e-02 ... -8.15689936e-03
     1.82878114e-02  1.79614348e-04]
   [-3.48874135e-03 -2.17660088e-02 -8.71077739e-03 ... -2.51395460e-02
     1.99696552e-02  1.11717563e-02]
   [ 9.65233147e-03  2.10948363e-02 -9.64171719e-03 ... -6.10896386e-03
    -5.23890508e-03 -2.63163392e-02]
   ...
   [ 7.16773048e-03  7.92234018e-03 -2.36632721e-03 ... -1.66319404e-02
    -2.87854541e-02  1.79102235e-02]
   [ 2.52580028e-02 -2.45296136e-02 -2.09167320e-02 ... -2.62965262e-02
    -3.07772704e-03 -9.87766497e-03]
   [-1.75584257e-02 -1.55375423e-02  2.34985309e-05 ... -3.02921496e-02
     2.35652784e-03  1.45594096e-02]]

  [[-2.59694774e-02 -2.20704451e-02 -1.65598411e-02 ... -2.59381589e-02
     2.08434518e-02 -7.24194292e-03]
   [ 2.54841633e-02  9.93282255e-03 -2.28711944e-02 ...  1.17998980e-02
    -9.57316719e-03  3.88590922e-03]
   [-1.63004957e-02  1.31815858e-02  2.38492396e-02 ... -2.83707045e-02
    -1.48444660e-02 -6.41950406e-03]
   ...
   [ 5.55705163e-04 -1.19794616e-02  1.52866868e-02 ... -2.38098204e-02
    -2.92593967e-02 -1.67941321e-02]
   [ 1.76209174e-02  1.53921358e-02 -9.20978189e-03 ... -1.72615945e-02
     1.17961597e-02  1.46838594e-02]
   [ 2.46879980e-02  2.85974843e-03 -7.10512744e-03 ... -7.60085043e-03
     2.83409134e-02 -1.26696462e-02]]]


 [[[-2.22138455e-03 -4.43086680e-03  3.02635990e-02 ... -5.22836344e-03
     2.90452829e-03  1.23419473e-03]
   [ 1.18142664e-02  2.84670666e-02  2.84702815e-02 ... -6.05975697e-03
     2.57684644e-02 -9.41273902e-05]
   [ 1.21896304e-02 -9.28671658e-03  9.77723580e-03 ... -1.47952354e-02
    -1.83052849e-02  2.07000058e-02]
   ...
   [-8.31679441e-03 -1.46674272e-02  1.87014118e-02 ... -8.00980162e-03
    -1.46115909e-03 -1.47951627e-02]
   [-2.33122464e-02  2.07787100e-02 -1.27025712e-02 ...  1.13697797e-02
    -2.38914434e-02  3.19992774e-03]
   [-4.00786009e-03  1.08619425e-02 -1.96604468e-02 ... -8.83331895e-03
    -1.97891910e-02 -9.46878921e-04]]

  [[-1.19793257e-02 -1.30120618e-03  2.96846554e-02 ... -1.77181195e-02
     2.46647559e-02  2.71168421e-03]
   [-2.33684434e-03 -2.09273342e-02  1.48578817e-02 ...  4.13320115e-04
    -2.77300999e-02  1.58824138e-02]
   [ 5.79488557e-03  1.14095556e-02 -2.00772509e-02 ... -1.10059427e-02
     2.37869658e-02  3.32361995e-03]
   ...
   [ 2.07918007e-02 -4.49131848e-03  1.85135882e-02 ...  4.27070819e-03
     7.36654922e-03  1.11508546e-02]
   [ 1.59917306e-02 -2.09742598e-02 -1.18532088e-02 ...  5.32422774e-03
     2.15477012e-02  1.36288733e-03]
   [-1.60372611e-02  1.90626793e-02 -1.25038670e-02 ...  1.14969378e-02
    -8.60986911e-05 -2.25046221e-02]]

  [[-2.13764384e-02  2.55999397e-02  1.05877556e-02 ...  1.84772070e-02
    -2.61581410e-02  1.06992740e-02]
   [-1.03071509e-02 -2.73269713e-02 -1.94931515e-02 ... -1.56366601e-04
     1.06429728e-02  2.16820333e-02]
   [ 2.70219743e-02 -8.63775983e-03 -1.43917324e-02 ...  1.73823554e-02
     1.28049888e-02  1.44948428e-02]
   ...
   [ 9.58234444e-03  9.59127501e-04  3.78903607e-03 ... -2.44473200e-02
    -2.62746084e-02  1.74770709e-02]
   [-2.83357445e-02 -1.72669776e-02  2.68767271e-02 ...  1.83334053e-02
     1.53769786e-02 -2.27195527e-02]
   [ 2.40417235e-02 -2.35959832e-02  2.10050270e-02 ... -6.32095151e-03
    -1.00330962e-03 -2.79111266e-02]]]


 [[[ 1.56683121e-02 -1.50387622e-02 -5.60362265e-03 ... -1.12749962e-02
     1.30077992e-02  1.79342497e-02]
   [-1.31022744e-02  1.48663698e-02 -2.68660132e-02 ... -1.45402635e-02
     1.44515396e-03  2.40812195e-03]
   [ 2.19294615e-02 -2.16143355e-02  5.86167444e-03 ...  3.62617872e-03
    -1.80456378e-02 -1.71719491e-02]
   ...
   [-1.99633576e-02  6.32297015e-03  2.71175578e-02 ...  1.61588117e-02
    -1.29380412e-02 -2.23399103e-02]
   [-2.98473462e-02 -2.59514228e-02 -2.24821884e-02 ...  4.73460276e-03
     4.33120551e-03  6.99064927e-03]
   [ 1.45426206e-02 -1.09044146e-02  3.35585536e-03 ... -3.04262061e-02
     1.90956313e-02  1.36343762e-02]]

  [[ 4.37219918e-04 -1.99500285e-02  1.43476948e-02 ...  1.97240952e-02
    -2.81945504e-02 -7.13120541e-03]
   [ 5.10502607e-03  4.46751161e-04  1.06959455e-02 ...  2.83305123e-02
     2.07307842e-02 -2.60206275e-02]
   [-2.12035235e-03  2.83412486e-02 -1.69196147e-02 ...  1.71107389e-02
     6.21503219e-03 -1.62828621e-02]
   ...
   [ 1.62269212e-02  2.26952638e-02 -2.77037080e-02 ... -2.07054187e-02
    -1.16417976e-02  2.62747821e-03]
   [-3.17399502e-02  2.41316129e-02 -1.14417057e-02 ... -1.62359942e-02
     1.33336447e-02 -1.95760559e-03]
   [ 6.51980098e-03 -1.13641014e-02 -6.96745282e-03 ... -2.17878986e-02
    -1.47467768e-02  6.03381591e-03]]

  [[-8.50205682e-03 -8.62549001e-04 -1.87835917e-02 ... -1.18237408e-02
     2.67058071e-02 -2.86879507e-03]
   [-4.17213800e-04  8.99698003e-04 -1.39583615e-04 ... -2.87608430e-02
     3.68191651e-03  1.37233129e-02]
   [ 1.43047664e-02 -1.21930307e-02 -2.78033013e-03 ...  2.34127250e-02
    -2.25039162e-02 -2.42673624e-02]
   ...
   [ 3.19733284e-02 -8.88153538e-03 -5.93295926e-03 ... -7.10842432e-03
     9.32274107e-03 -1.23261819e-02]
   [ 1.65390782e-02 -1.53866895e-02  2.58438177e-02 ... -1.08732246e-02
     2.54967734e-02  2.20955107e-02]
   [-2.75434591e-02 -8.59822147e-03 -1.29830940e-02 ...  1.66648924e-02
    -2.10736245e-02  2.00285222e-02]]]]
  Weight 1: (384,)
[-6.68365974e-05  1.56748836e-04 -8.35078827e-04  1.54867885e-03
 -1.00412624e-04 -9.98150324e-04 -4.93369123e-04 -4.58792085e-04
 -8.11847625e-04  9.17813741e-04 -4.61130316e-04  1.34827846e-04
 -1.13348267e-03 -1.50093168e-03  4.60480456e-04 -9.07134265e-04
 -2.87739589e-04 -2.58907734e-04 -1.59524061e-04 -8.62503250e-04
 -8.08714307e-04 -1.01567409e-03 -8.28880293e-05 -6.85803767e-04
 -1.30463229e-03  4.28858948e-05  6.00348169e-04 -1.16748596e-03
 -3.59170343e-04 -2.94412923e-04 -1.75178796e-03 -1.04563194e-03
 -7.32087530e-04 -1.16298150e-03 -1.44400867e-03 -5.68802971e-05
  5.11723803e-04 -2.68542877e-04 -5.12611041e-05  7.35267648e-04
 -7.53599685e-04 -7.47027298e-05 -1.13873673e-03 -2.87433853e-04
 -6.38781930e-04  5.55376406e-04 -8.85391433e-04 -7.02733814e-04
 -1.12511346e-03 -8.99327104e-04 -1.48110220e-03 -5.24411735e-04
 -1.72324060e-03 -1.70870940e-03 -7.96742039e-04 -1.07913988e-03
 -1.24837109e-03  5.94445337e-05 -6.70867739e-04  3.44241853e-04
 -5.84460155e-04 -1.60584936e-03 -1.57830981e-03 -7.44789140e-04
 -1.98479407e-04 -1.60164526e-03 -8.03251751e-04 -1.76327725e-04
 -1.06573210e-03 -2.68352509e-04 -4.67347272e-04 -9.23805463e-04
 -1.87169644e-03 -2.33062822e-03 -1.73038151e-03 -2.56264745e-03
 -1.59440015e-03 -2.15327810e-03 -1.69525703e-03 -2.56503257e-03
 -1.09607924e-03 -1.49748335e-03 -1.50880171e-03 -7.03967351e-04
 -7.72698433e-04 -6.27803500e-04 -8.58562707e-04  7.37019640e-04
  3.74918571e-04 -2.00159033e-03 -2.11108709e-04 -9.22325824e-04
 -1.19982508e-03 -1.21658389e-03 -7.72730040e-04 -6.91157009e-04
 -1.43208634e-03 -9.89906141e-04 -3.05557507e-04 -1.52477727e-03
  1.28127553e-03  3.61919927e-04 -1.77846669e-04 -1.09454012e-03
 -1.55062042e-03 -9.32374212e-04 -1.13042083e-03 -1.57218415e-03
 -1.30631134e-03  5.64393005e-04 -2.38098064e-03 -9.56028874e-04
 -9.11343319e-04 -1.25163991e-03 -2.21136305e-03 -4.14986425e-04
 -2.28163623e-03 -2.23407187e-04 -5.80994936e-04 -3.83607898e-04
 -1.79799710e-04 -2.09879086e-04 -1.48849888e-03 -2.59815657e-04
  3.69022338e-04 -6.53041876e-04 -1.18833489e-03 -1.55128189e-04
 -1.88034121e-03 -2.32260150e-04 -1.32454082e-03 -1.07161223e-03
 -3.08090326e-04 -2.52123195e-04 -1.68386800e-03 -1.74063491e-03
 -8.87419272e-04 -8.41009081e-04  8.82275926e-05 -1.89922680e-03
 -1.17602316e-03 -9.31287592e-04  7.90347171e-04  1.09824399e-03
 -1.31688104e-03  4.38559073e-04 -2.04781420e-03 -1.46588101e-03
  3.89014109e-04 -7.22968020e-04 -3.49745969e-04 -2.61604757e-04
 -5.70831879e-04 -4.92091698e-04  4.69752413e-04 -2.55450577e-04
 -1.33959355e-03 -1.20885833e-03 -5.44935290e-04 -7.74421555e-04
 -1.69414816e-05 -1.32952852e-03  2.07117497e-04 -1.14745332e-03
 -8.07064702e-04  1.30890199e-04  1.60275970e-03 -2.64171581e-03
 -7.75316381e-04 -1.49127061e-03 -2.84931529e-03 -5.13168125e-05
 -7.10816414e-04 -2.18946673e-03 -4.78249218e-04 -6.45828783e-04
 -2.37706024e-03 -1.47827459e-03 -2.04702467e-03 -7.64953496e-04
 -8.80523119e-04 -1.63079734e-04  7.01565121e-04 -1.63094711e-03
 -1.51285552e-03 -4.05617029e-04 -2.74891936e-04 -7.29675579e-04
 -1.24696956e-03 -1.27769995e-03 -1.19871425e-03 -1.21073984e-03
 -1.02157390e-03 -6.09544804e-04 -8.79153726e-04 -1.98431499e-03
 -1.98484538e-03 -8.34292034e-04 -1.04605756e-03  4.05634171e-04
 -4.11011570e-04 -2.06874358e-03 -3.04649584e-05 -6.95368799e-04
 -9.13073425e-04  4.66620950e-05 -1.14268136e-04 -2.82688183e-04
  5.42151975e-04  1.11578054e-04 -1.36987632e-03 -1.73640394e-04
 -2.30289064e-03  1.43263387e-04 -2.37543415e-03 -4.75859997e-04
 -3.18528444e-04 -1.31552597e-03 -2.15468509e-03 -1.14451291e-03
 -1.74825685e-03  9.23505810e-04 -2.00845907e-03 -5.65750466e-04
 -1.54992158e-03 -1.16743293e-04 -1.19586548e-04 -2.03831168e-03
 -7.53599685e-04 -1.92617311e-03 -8.61198700e-04 -6.73302915e-04
 -1.14144816e-03 -5.04619442e-04 -9.06783243e-05 -1.56937109e-03
 -1.17365282e-03 -1.38082297e-03 -1.39675685e-04 -2.81780376e-04
 -3.49002948e-04 -1.92345167e-03 -2.72683823e-03 -1.59806234e-03
  2.33281549e-04 -5.21988666e-04 -1.71048188e-04 -1.08171022e-03
 -9.12496063e-04 -2.52682774e-04 -1.87707155e-05 -9.02677944e-04
  1.02605997e-03 -1.18599203e-03  6.26217152e-05 -1.58589636e-03
 -1.05660281e-03 -7.68018712e-04  1.10695814e-03 -1.07572635e-03
  7.32337357e-04 -1.06666307e-03  5.26523683e-04 -1.06462231e-03
 -8.41850939e-04 -2.26008124e-03 -9.18850477e-04 -4.23300342e-04
 -6.84694503e-04 -7.56982015e-04 -5.98178362e-04 -4.98502806e-04
 -5.14641215e-06  1.12692069e-03 -5.72087651e-04  6.85674662e-04
 -1.35309168e-03 -8.49278527e-04  1.40079268e-04 -1.89865590e-03
 -1.60447753e-03 -3.22176871e-04  8.32812220e-04 -1.91598001e-03
  6.27201342e-04 -7.24345620e-04  2.32409639e-03 -6.62695849e-04
 -9.73245333e-05 -1.45729934e-03  1.19252756e-04 -1.05933950e-03
 -9.56094416e-04  2.84941925e-05 -9.68943292e-04 -1.98707776e-03
  2.75316270e-04 -2.23360048e-03 -1.33639376e-03 -2.66636233e-03
 -1.19768886e-03  3.10038915e-04  1.10687979e-05  6.53722149e-04
  6.65390748e-04 -8.18727945e-04  2.29039637e-04  4.88657752e-05
 -3.32345517e-05 -1.89922692e-03  1.25239851e-04 -1.66426518e-03
  8.63094610e-05 -1.22900272e-03 -1.19673589e-03 -6.07752998e-04
 -1.02358358e-03 -2.61036563e-03 -4.54394525e-04 -2.81201967e-04
 -5.55455044e-04 -7.70573737e-04  1.85258017e-04 -2.29855464e-03
 -1.11951260e-03 -5.42735506e-05 -1.17877556e-03 -1.21758122e-03
  1.79303228e-04 -1.37051113e-03 -6.81513513e-04  9.78160766e-04
 -1.31201278e-03 -3.07233859e-04 -1.76469889e-03 -4.26027429e-04
  9.09398950e-04 -3.68337583e-04 -2.37215473e-03 -1.56582554e-03
 -4.55392495e-04 -6.10763615e-04 -6.43791922e-04 -3.67348519e-04
 -1.40421710e-03  1.18561578e-03 -3.70677080e-05 -2.74209247e-04
 -1.35964062e-03 -2.12838105e-03  9.42208280e-04  2.45276460e-04
 -9.66164866e-04 -3.52042291e-04  4.72674001e-04 -1.10519642e-03
 -8.97758058e-04 -2.16053682e-03 -3.84868821e-03  5.21673282e-05
  1.28615153e-04 -3.51244555e-04 -3.86862695e-04 -1.38398597e-03
  1.40260017e-05 -2.42026267e-03 -1.98213325e-04 -9.70718625e-04
 -6.81404374e-04 -3.79886129e-04 -4.91957064e-04  6.92075526e-04
 -3.38518387e-03 -6.29781338e-04 -1.14877592e-03 -1.10729656e-03
 -4.25537146e-04 -7.99737871e-04 -7.44585239e-04 -2.19279391e-04
  3.14737932e-04 -1.74166553e-03 -1.12413964e-03 -8.58617786e-05]

Layer: conv2d_14
  Weight 0: (3, 3, 384, 256)
[[[[ 0.01047448 -0.0033734  -0.01953465 ... -0.00482818  0.02360453
    -0.02773049]
   [ 0.00870463  0.02329555  0.01157037 ... -0.02474189 -0.0187158
     0.00376305]
   [ 0.00969191 -0.02350209  0.0098525  ... -0.01191149  0.01777114
     0.02605032]
   ...
   [-0.02446892  0.0016156   0.00885742 ...  0.00228927  0.01383847
     0.00153641]
   [ 0.01373222  0.02095939 -0.02273853 ...  0.02729182  0.00177912
    -0.02258337]
   [ 0.02807139 -0.01916043 -0.00440724 ... -0.00010817 -0.02075546
    -0.01166631]]

  [[ 0.01387339 -0.00678716 -0.00724022 ...  0.02350034  0.00482151
    -0.03026757]
   [ 0.00402264 -0.02752794  0.03086406 ... -0.03091089 -0.01936815
    -0.01172617]
   [-0.01052476 -0.03225413 -0.0264589  ... -0.02964408 -0.01064087
     0.01433109]
   ...
   [-0.006878   -0.01821441 -0.00359737 ...  0.00779682 -0.01706085
    -0.02223018]
   [-0.02471859  0.00339552  0.01581344 ...  0.00415711 -0.01351019
    -0.0178444 ]
   [-0.00356218 -0.00172895  0.01249956 ...  0.00442685  0.01069014
    -0.00727582]]

  [[-0.00196448  0.02710954 -0.02703328 ...  0.01751097  0.00105141
     0.00478368]
   [-0.02331306  0.01201241 -0.0063648  ... -0.01556688  0.00600002
    -0.02805993]
   [-0.00817795 -0.01838219  0.00265601 ... -0.00514243 -0.01333225
     0.02797045]
   ...
   [-0.00492577  0.01805939  0.02537581 ... -0.01656051  0.00517376
    -0.02372166]
   [-0.03156612  0.00193141  0.01463282 ...  0.02007081 -0.0116163
    -0.03027776]
   [-0.00243572 -0.02471897  0.02543379 ... -0.01876055  0.00770563
     0.02423029]]]


 [[[-0.02609703 -0.01049409  0.00297822 ... -0.00752767  0.02941438
     0.01239016]
   [-0.02863361 -0.00949376 -0.031176   ...  0.00852405  0.01780649
     0.01436033]
   [ 0.03039201  0.00121402 -0.02498166 ...  0.01525474 -0.01091176
    -0.0078212 ]
   ...
   [-0.00614021 -0.03038038  0.00985744 ...  0.01038012  0.02665699
    -0.00761683]
   [-0.00373677  0.02435952 -0.02765403 ... -0.01231409  0.02383462
    -0.02858791]
   [ 0.00102396 -0.00063598 -0.01351167 ... -0.02401211  0.00414113
    -0.01870432]]

  [[ 0.01771347  0.0239782   0.00165754 ... -0.02186561  0.01972996
     0.02244278]
   [ 0.00737178 -0.02536879  0.02530643 ... -0.014909   -0.0178917
    -0.00743268]
   [ 0.00524599 -0.0219795  -0.00025467 ... -0.00964476 -0.00048742
     0.023712  ]
   ...
   [-0.00852172 -0.02824574 -0.0103172  ... -0.00767325 -0.01583881
    -0.00656545]
   [-0.00694712  0.01402912 -0.01904799 ...  0.0258018  -0.02657627
    -0.01962662]
   [ 0.0156658  -0.02716728 -0.00587734 ... -0.00140291 -0.01918617
    -0.03056918]]

  [[-0.02012005 -0.00959135  0.0272686  ...  0.01199657 -0.02525646
    -0.02300268]
   [-0.01490654 -0.02312738  0.02403882 ... -0.02505652  0.01300893
     0.00830687]
   [-0.00435779  0.0248967  -0.02304312 ... -0.02171716  0.01957322
    -0.00587795]
   ...
   [ 0.01949232 -0.02161178  0.03150735 ... -0.01273784 -0.02217619
     0.02236736]
   [-0.0143232  -0.01046249 -0.02153151 ...  0.02428917 -0.00202483
    -0.02698   ]
   [-0.02454252  0.00764418  0.014317   ... -0.00514601  0.02463392
     0.02026049]]]


 [[[ 0.00913775 -0.01995228  0.01411653 ...  0.02318428  0.00836101
    -0.0186843 ]
   [ 0.02341537  0.0169603  -0.02590188 ... -0.00010316  0.01085325
     0.00630842]
   [ 0.02099044 -0.01341673 -0.00282496 ...  0.02880166  0.00880818
     0.01978181]
   ...
   [-0.00440774  0.00017231 -0.00633068 ... -0.00855078  0.02212981
    -0.01425888]
   [-0.00440219  0.01134171  0.0010311  ... -0.00125863 -0.01248507
     0.02082829]
   [ 0.02932158 -0.01433416  0.01647671 ...  0.02527389  0.01795885
    -0.00716892]]

  [[-0.01128892 -0.01128163  0.01452791 ... -0.02827757 -0.01926963
    -0.02792848]
   [-0.02619957  0.00475044 -0.00738359 ... -0.03036384  0.02442604
    -0.00293671]
   [ 0.0142899  -0.02744178  0.02497738 ... -0.0317676   0.0316405
    -0.01137136]
   ...
   [ 0.02490259  0.02503544  0.03217186 ... -0.0034448   0.01090036
     0.02811369]
   [ 0.02055291 -0.02025551  0.01813027 ... -0.01895128  0.02832976
    -0.01356259]
   [ 0.00022725  0.01637947 -0.02039627 ...  0.00720039  0.01408352
     0.00871451]]

  [[ 0.01791924  0.00732329 -0.01376781 ...  0.01948228  0.02864758
    -0.01449521]
   [-0.00654009  0.01084782  0.02881763 ...  0.00559988 -0.00577678
    -0.01189529]
   [-0.03356109 -0.0262509   0.03145009 ... -0.01205651  0.02426287
    -0.01734049]
   ...
   [-0.01491376  0.01952287 -0.0261262  ... -0.00487928  0.02108636
    -0.00041023]
   [-0.03135857 -0.02030446 -0.01548124 ... -0.00304102  0.02654656
     0.00116634]
   [-0.00735843 -0.02885728 -0.01607274 ... -0.00348062  0.02731037
     0.02687552]]]]
  Weight 1: (256,)
[ 9.6732714e-05 -4.8922363e-04 -6.5674941e-04 -4.6213184e-04
 -1.2163767e-03 -3.7285750e-04 -1.8347487e-03 -9.9472457e-04
 -1.5856810e-03  3.5983007e-04 -7.0509792e-04 -1.5535493e-03
 -4.3849871e-04 -5.9106346e-04 -5.1634735e-04 -1.6881666e-03
 -1.8755210e-03 -1.9520817e-03 -7.0409465e-04 -6.3332071e-04
 -1.9914894e-03 -8.0161029e-04 -9.8767213e-04 -1.0259073e-04
 -4.0042025e-04 -8.4859045e-04 -1.4317997e-03 -6.4857688e-04
 -5.9534877e-04 -5.5588892e-04 -7.7436055e-04 -2.0180589e-03
 -1.2552948e-03 -1.8737187e-03 -1.1597981e-03 -8.6876977e-04
 -2.6226422e-04 -3.7010215e-04 -3.5939153e-04 -8.7518239e-04
 -3.5632320e-04 -1.5710249e-03 -2.6019586e-03 -9.8376570e-04
 -2.9973211e-03 -1.7403447e-03 -1.3405528e-03 -1.2481827e-03
 -3.3077114e-04 -1.0308076e-03  1.1554414e-04 -6.1887095e-04
 -8.3698943e-04 -9.1746036e-04 -1.7275601e-03 -9.0080133e-04
 -1.5550363e-03 -1.9381965e-03 -1.7330842e-03 -1.3217105e-03
 -4.9798738e-04 -4.1749937e-04  2.3809989e-05 -3.2037118e-04
 -4.4757288e-04 -1.8947668e-03 -1.7840702e-04 -1.7416561e-03
 -9.4171817e-04 -4.5509063e-04 -1.9698469e-03 -1.9136679e-03
  1.4384188e-03 -1.0284672e-03 -8.5548492e-04 -2.3533218e-03
 -7.2296732e-04 -8.2607986e-04 -8.1116788e-04 -1.9507075e-03
 -8.6737942e-04 -9.3562412e-05 -8.5796445e-04 -8.0103171e-04
 -1.1956813e-03 -1.7556474e-03 -1.6698125e-03 -1.0056846e-03
 -1.6706056e-03 -9.1496942e-05 -1.0339366e-03 -1.1310838e-03
  3.2564509e-05 -1.4422461e-04 -3.7046970e-04  4.3358290e-04
 -4.3889755e-04  2.1468023e-04 -2.8770226e-03 -1.3523436e-03
 -7.5237890e-04 -7.1325450e-04 -7.1901956e-04 -1.2831248e-03
 -1.9969509e-03 -8.8477781e-04 -1.0859818e-03 -3.1532333e-03
  8.1182152e-05 -1.0266346e-03 -1.2986598e-04 -4.5081837e-05
 -1.2805811e-03 -1.6011966e-03 -9.0831565e-04  5.3665310e-04
 -1.7730294e-03  1.9957105e-04 -5.1939470e-04 -1.2151098e-03
 -1.0272000e-03 -1.0712805e-03 -5.3669180e-05 -9.6692302e-04
 -2.0475057e-03 -1.1793176e-03 -1.2793131e-03 -1.3378774e-03
 -1.5659300e-03 -2.3297321e-03  1.1491094e-04 -1.1180089e-03
 -1.0844002e-03 -1.9789606e-03 -9.2123460e-04  1.1139621e-03
 -9.4708998e-04 -4.0194450e-04 -1.6844027e-03 -1.1681060e-03
 -2.3239127e-03 -3.2913391e-03 -1.6367302e-03 -2.2586035e-03
 -1.2705843e-03 -7.4162683e-04 -6.8484806e-04 -1.0570462e-03
 -1.8856350e-03 -4.2924812e-04 -1.7047337e-03 -2.4487276e-04
 -3.0757347e-03 -7.1785995e-04 -2.0371997e-03 -2.2761425e-04
 -6.0119864e-04  3.1785708e-04 -1.7639650e-03 -1.4265490e-03
 -6.6978409e-04 -3.9298588e-04 -1.5883341e-03 -1.1658081e-03
 -4.6202808e-04 -1.0532505e-03 -1.4071589e-03 -3.7659626e-04
 -1.7490855e-03 -9.3742349e-04 -2.8345748e-04 -6.6605950e-04
 -2.5317803e-04 -5.8770867e-04 -1.3751058e-03  1.1156346e-04
 -1.2899152e-03 -1.5603631e-03 -1.0052798e-03 -6.6105265e-04
 -1.1725787e-03 -1.9778784e-03 -2.0570774e-03 -7.1824616e-04
 -1.6947720e-03 -3.1874666e-04 -8.1456749e-04 -1.3379608e-03
 -1.0521070e-03 -9.4972429e-04 -4.2081461e-04 -1.3426215e-03
 -4.8192195e-04 -3.9205776e-04 -2.9625313e-03 -1.0926004e-03
 -9.8430039e-04 -1.1752419e-03  3.9267517e-04 -1.5286204e-03
 -1.2065948e-03 -1.4964346e-03 -1.2185966e-03 -1.3239501e-03
 -8.7161106e-04 -1.1838748e-05 -1.2044999e-03 -1.2280013e-03
 -2.6548895e-04 -1.2026927e-03 -1.3696250e-03 -2.7330930e-04
 -1.4084313e-03 -2.5740557e-04 -9.7657414e-04 -2.7602185e-03
 -7.9876813e-04 -4.2936965e-04 -6.5980788e-04 -2.6766800e-03
 -2.8184438e-03 -9.0507790e-04 -1.9167119e-03  1.1852781e-03
 -7.7642506e-04 -1.3914111e-03 -7.9816273e-05 -9.9034596e-04
 -6.3267088e-04 -1.7358991e-03 -2.6033568e-04 -2.1191433e-03
 -2.7237083e-03  7.3820607e-05  5.5563392e-04 -1.6626497e-03
 -1.7957933e-03 -1.1396813e-03 -1.1392243e-03 -3.5451920e-04
 -1.8406579e-03 -8.4144907e-04 -1.1693109e-03 -1.3192416e-03
 -9.2190597e-04  3.8196129e-04 -9.1662252e-04 -8.1132172e-04
 -1.6474735e-03 -1.1456150e-03 -6.4199296e-04 -1.7850946e-03
 -6.5156753e-04 -1.5939734e-03 -2.2489368e-04 -6.6535891e-04]

Layer: max_pooling2d_8

Layer: flatten_2

Layer: dense_6
  Weight 0: (9216, 4096)
[[-0.01124836 -0.00799497 -0.00918587 ... -0.01872083 -0.00865914
  -0.00671106]
 [-0.00959766  0.0191152   0.01319429 ... -0.01694814 -0.01968619
   0.00035435]
 [-0.0020916  -0.00730571  0.01365206 ... -0.00314994 -0.01223859
  -0.00227656]
 ...
 [-0.00255391 -0.00673912  0.00445536 ...  0.0040818   0.00586954
   0.00572732]
 [-0.0083526  -0.01494122 -0.0163804  ...  0.01941024  0.00304844
   0.00499113]
 [-0.0017087  -0.01331748 -0.00860527 ...  0.00656049 -0.00343082
  -0.00959874]]
  Weight 1: (4096,)
[-0.00070252 -0.00138659  0.00032261 ... -0.00285732  0.00114511
  0.0045018 ]

Layer: dropout_4

Layer: dense_7
  Weight 0: (4096, 4096)
[[-0.01851519  0.02065556 -0.0085666  ...  0.02439104 -0.01886406
  -0.02284173]
 [-0.02655162 -0.00258551 -0.01117099 ... -0.01757245 -0.01957183
   0.00374699]
 [ 0.00197157  0.00456077 -0.01791995 ...  0.00905434 -0.00443712
  -0.01072076]
 ...
 [-0.02046178 -0.00397196  0.01173081 ... -0.00791563  0.01941843
   0.01668146]
 [-0.02625732  0.02108197  0.01548999 ... -0.01966398 -0.00102058
  -0.01579385]
 [ 0.0081581   0.01163136  0.01186085 ... -0.00301084  0.01423573
   0.01190158]]
  Weight 1: (4096,)
[-0.00212056  0.00137241 -0.00069281 ...  0.00068692 -0.00120597
 -0.0017413 ]

Layer: dropout_5

Layer: dense_8
  Weight 0: (4096, 1)
[[ 0.01203152]
 [ 0.01597114]
 [-0.00305559]
 ...
 [-0.01639915]
 [-0.00410863]
 [-0.00167156]]
  Weight 1: (1,)
[-0.00019194]
